d,st,et,p,sp,dp,ct,fp
0,1257264289002820,1086809,19,54363,25,abortive,"0:74:2:1:3436025964:0,264:74:18:0:954181710:3436025965,438:66:16:1:3436025965:954181711,1013991:284:24:0:954181711:3436025965,1014210:66:16:1:3436025965:954181929,1014214:81:24:1:3436025965:954181929,1014463:66:16:0:954181929:3436025980,1014519:161:24:0:954181929:3436025980,1014696:95:24:1:3436025980:954182024,1015977:108:24:0:954182024:3436026009,1016153:97:24:1:3436026009:954182066,1018213:114:24:0:954182066:3436026040,1018389:71:24:1:3436026040:954182114,1018675:116:24:0:954182114:3436026045,1018867:92:24:1:3436026045:954182164,1018874:140:25:1:3436026071:954182164,1019139:66:16:0:954182164:3436026146,1086645:122:24:0:954182164:3436026146,1086809:60:4:1:3436026146:0"
1,1257264289005366,189,2,56956,113,rst_during_handshake,"0:74:2:1:953073424:0,189:60:20:0:0:953073425"
0,1257264297266646,1025944,19,32867,25,abortive,"0:74:2:1:3572488756:0,261:74:18:0:1078020096:3572488757,409:66:16:1:3572488757:1078020097,1007381:284:24:0:1078020097:3572488757,1007549:66:16:1:3572488757:1078020315,1007555:81:24:1:3572488757:1078020315,1007839:66:16:0:1078020315:3572488772,1007852:161:24:0:1078020315:3572488772,1008053:95:24:1:3572488772:1078020410,1009305:108:24:0:1078020410:3572488801,1009473:97:24:1:3572488801:1078020452,1011676:114:24:0:1078020452:3572488832,1011851:71:24:1:3572488832:1078020500,1012143:116:24:0:1078020500:3572488837,1012338:92:24:1:3572488837:1078020550,1012345:140:25:1:3572488863:1078020550,1012617:66:16:0:1078020550:3572488938,1025798:122:24:0:1078020550:3572488938,1025944:60:4:1:3572488938:0"
1,1257264297269275,179,2,39143,113,rst_during_handshake,"0:74:2:1:1090781626:0,179:60:20:0:0:1090781627"
0,1257264303517719,1046342,19,44596,25,abortive,"0:74:2:1:3670586871:0,602:74:18:0:1185940389:3670586872,797:66:16:1:3670586872:1185940390,1019127:284:24:0:1185940390:3670586872,1019322:66:16:1:3670586872:1185940608,1019327:81:24:1:3670586872:1185940608,1019572:66:16:0:1185940608:3670586887,1019654:161:24:0:1185940608:3670586887,1019835:95:24:1:3670586887:1185940703,1021172:108:24:0:1185940703:3670586916,1021348:101:24:1:3670586916:1185940745,1024077:118:24:0:1185940745:3670586951,1026566:71:24:1:3670586951:1185940797,1027013:116:24:0:1185940797:3670586956,1027421:96:24:1:3670586956:1185940847,1027428:140:25:1:3670586986:1185940847,1027694:66:16:0:1185940847:3670587061,1046194:122:24:0:1185940847:3670587061,1046342:60:4:1:3670587061:0"
1,1257264303520824,179,2,47604,113,rst_during_handshake,"0:74:2:1:1180083415:0,179:60:20:0:0:1180083416"
0,1257264310782727,1065232,19,54109,25,abortive,"0:74:2:1:3782553445:0,244:74:18:0:1296834766:3782553446,390:66:16:1:3782553446:1296834767,1006350:284:24:0:1296834767:3782553446,1006534:66:16:1:3782553446:1296834985,1006540:81:24:1:3782553446:1296834985,1006793:66:16:0:1296834985:3782553461,1006872:161:24:0:1296834985:3782553461,1007045:95:24:1:3782553461:1296835080,1008308:108:24:0:1296835080:3782553490,1008480:95:24:1:3782553490:1296835122,1010869:112:24:0:1296835122:3782553519,1011078:71:24:1:3782553519:1296835168,1011514:116:24:0:1296835168:3782553524,1011737:90:24:1:3782553524:1296835218,1011745:140:25:1:3782553548:1296835218,1012025:66:16:0:1296835218:3782553623,1065032:122:24:0:1296835218:3782553623,1065232:60:4:1:3782553623:0"
1,1257264310785544,152,2,38150,113,rst_during_handshake,"0:74:2:1:1288652833:0,152:60:20:0:0:1288652834"
0,1257264312846425,1029788,19,42125,25,abortive,"0:74:2:1:3814983507:0,240:74:18:0:1323208161:3814983508,389:66:16:1:3814983508:1323208162,1002727:284:24:0:1323208162:3814983508,1002915:66:16:1:3814983508:1323208380,1002921:81:24:1:3814983508:1323208380,1003161:66:16:0:1323208380:3814983523,1003208:161:24:0:1323208380:3814983523,1003387:95:24:1:3814983523:1323208475,1004645:108:24:0:1323208475:3814983552,1004820:97:24:1:3814983552:1323208517,1007012:114:24:0:1323208517:3814983583,1007158:71:24:1:3814983583:1323208565,1007451:116:24:0:1323208565:3814983588,1007648:92:24:1:3814983588:1323208615,1007655:140:25:1:3814983614:1323208615,1007914:66:16:0:1323208615:3814983689,1029641:122:24:0:1323208615:3814983689,1029788:60:4:1:3814983689:0"
1,1257264312848813,148,2,55083,113,rst_during_handshake,"0:74:2:1:1332121576:0,148:60:20:0:0:1332121577"
0,1257264321022199,1116378,19,42251,25,abortive,"0:74:2:1:3946058577:0,417:74:18:0:1452899107:3946058578,607:66:16:1:3946058578:1452899108,1012462:284:24:0:1452899108:3946058578,1012648:66:16:1:3946058578:1452899326,1012653:81:24:1:3946058578:1452899326,1012907:66:16:0:1452899326:3946058593,1012970:161:24:0:1452899326:3946058593,1013150:95:24:1:3946058593:1452899421,1014712:108:24:0:1452899421:3946058622,1014914:95:24:1:3946058622:1452899463,1017265:112:24:0:1452899463:3946058651,1017439:71:24:1:3946058651:1452899509,1017730:116:24:0:1452899509:3946058656,1017916:90:24:1:3946058656:1452899559,1017923:140:25:1:3946058680:1452899559,1018191:66:16:0:1452899559:3946058755,1116192:122:24:0:1452899559:3946058755,1116378:60:4:1:3946058755:0"
1,1257264321032180,158,2,49239,113,rst_during_handshake,"0:74:2:1:1449321652:0,158:60:20:0:0:1449321653"
0,1257264325175395,1029178,19,51285,25,abortive,"0:74:2:1:4002776502:0,547:74:18:0:1515272603:4002776503,735:66:16:1:4002776503:1515272604,1006741:284:24:0:1515272604:4002776503,1006925:66:16:1:4002776503:1515272822,1006930:81:24:1:4002776503:1515272822,1007175:66:16:0:1515272822:4002776518,1007227:161:24:0:1515272822:4002776518,1007404:95:24:1:4002776518:1515272917,1008678:108:24:0:1515272917:4002776547,1008860:97:24:1:4002776547:1515272959,1011249:114:24:0:1515272959:4002776578,1011442:71:24:1:4002776578:1515273007,1011809:116:24:0:1515273007:4002776583,1012041:92:24:1:4002776583:1515273057,1012047:140:25:1:4002776609:1515273057,1012360:66:16:0:1515273057:4002776684,1029027:122:24:0:1515273057:4002776684,1029178:60:4:1:4002776684:0"
1,1257264325178305,160,2,56472,113,rst_during_handshake,"0:74:2:1:1526486182:0,160:60:20:0:0:1526486183"
0,1257285165994653,1070881,19,40492,25,abortive,"0:74:2:1:96906754:0,276:74:18:0:1910802501:96906755,452:66:16:1:96906755:1910802502,1013608:284:24:0:1910802502:96906755,1013800:66:16:1:96906755:1910802720,1013807:81:24:1:96906755:1910802720,1014057:66:16:0:1910802720:96906770,1014142:161:24:0:1910802720:96906770,1014316:95:24:1:96906770:1910802815,1015534:108:24:0:1910802815:96906799,1015704:97:24:1:96906799:1910802857,1017927:114:24:0:1910802857:96906830,1018101:71:24:1:96906830:1910802905,1018380:116:24:0:1910802905:96906835,1018565:92:24:1:96906835:1910802955,1018573:140:25:1:96906861:1910802955,1018845:66:16:0:1910802955:96906936,1070724:122:24:0:1910802955:96906936,1070881:60:4:1:96906936:0"
1,1257285165997100,152,2,47108,113,rst_during_handshake,"0:74:2:1:1913882287:0,152:60:20:0:0:1913882288"
0,1257285169077513,1111208,19,49390,25,abortive,"0:74:2:1:154900663:0,250:74:18:0:1964251559:154900664,398:66:16:1:154900664:1964251560,1023428:284:24:0:1964251560:154900664,1023616:66:16:1:154900664:1964251778,1023622:81:24:1:154900664:1964251778,1023872:66:16:0:1964251778:154900679,1023938:161:24:0:1964251778:154900679,1024115:95:24:1:154900679:1964251873,1025622:108:24:0:1964251873:154900708,1025801:96:24:1:154900708:1964251915,1028426:113:24:0:1964251915:154900738,1028595:71:24:1:154900738:1964251962,1028887:116:24:0:1964251962:154900743,1029077:91:24:1:154900743:1964252012,1029084:140:25:1:154900768:1964252012,1029352:66:16:0:1964252012:154900843,1111062:122:24:0:1964252012:154900843,1111208:60:4:1:154900843:0"
1,1257285169080107,150,2,50681,113,rst_during_handshake,"0:74:2:1:1965336048:0,150:60:20:0:0:1965336049"
0,1257285172251868,1060040,19,44003,25,abortive,"0:74:2:1:197056221:0,247:74:18:0:2019523138:197056222,392:66:16:1:197056222:2019523139,1018587:284:24:0:2019523139:197056222,1018779:66:16:1:197056222:2019523357,1018783:81:24:1:197056222:2019523357,1019047:66:16:0:2019523357:197056237,1019115:161:24:0:2019523357:197056237,1019285:95:24:1:197056237:2019523452,1020569:108:24:0:2019523452:197056266,1020738:98:24:1:197056266:2019523494,1022918:115:24:0:2019523494:197056298,1023093:71:24:1:197056298:2019523543,1023389:116:24:0:2019523543:197056303,1023577:93:24:1:197056303:2019523593,1023584:140:25:1:197056330:2019523593,1023940:66:16:0:2019523593:197056405,1059895:122:24:0:2019523593:197056405,1060040:60:4:1:197056405:0"
1,1257285172261466,149,2,33709,113,rst_during_handshake,"0:74:2:1:2015660604:0,149:60:20:0:0:2015660605"
0,1257285177389836,1025795,19,44297,25,abortive,"0:74:2:1:281550296:0,249:74:18:0:2093657616:281550297,395:66:16:1:281550297:2093657617,1009605:284:24:0:2093657617:281550297,1009800:66:16:1:281550297:2093657835,1009805:81:24:1:281550297:2093657835,1010055:66:16:0:2093657835:281550312,1010127:161:24:0:2093657835:281550312,1010306:95:24:1:281550312:2093657930,1011541:108:24:0:2093657930:281550341,1011714:97:24:1:281550341:2093657972,1013904:114:24:0:2093657972:281550372,1014077:71:24:1:281550372:2093658020,1014355:116:24:0:2093658020:281550377,1014550:92:24:1:281550377:2093658070,1014557:140:25:1:281550403:2093658070,1014831:66:16:0:2093658070:281550478,1025656:122:24:0:2093658070:281550478,1025795:60:4:1:281550478:0"
1,1257285177392281,149,2,45232,113,rst_during_handshake,"0:74:2:1:2094020291:0,149:60:20:0:0:2094020292"
0,1257285181542393,1088934,19,43389,25,abortive,"0:74:2:1:351168899:0,248:74:18:0:2166684265:351168900,391:66:16:1:351168900:2166684266,1008713:284:24:0:2166684266:351168900,1008964:66:16:1:351168900:2166684484,1008970:81:24:1:351168900:2166684484,1009329:66:16:0:2166684484:351168915,1009485:161:24:0:2166684484:351168915,1009713:95:24:1:351168915:2166684579,1011397:108:24:0:2166684579:351168944,1011615:95:24:1:351168944:2166684621,1014404:112:24:0:2166684621:351168973,1014641:71:24:1:351168973:2166684667,1015186:116:24:0:2166684667:351168978,1015410:90:24:1:351168978:2166684717,1015417:140:25:1:351169002:2166684717,1015692:66:16:0:2166684717:351169077,1088790:122:24:0:2166684717:351169077,1088934:60:4:1:351169077:0"
1,1257285181544979,151,2,41131,113,rst_during_handshake,"0:74:2:1:2159109294:0,151:60:20:0:0:2159109295"
0,1257285211346965,1130923,19,33477,25,abortive,"0:74:2:1:810392246:0,247:74:18:0:2624533491:810392247,394:66:16:1:810392247:2624533492,1017705:284:24:0:2624533492:810392247,1017897:66:16:1:810392247:2624533710,1017903:81:24:1:810392247:2624533710,1018155:66:16:0:2624533710:810392262,1018250:161:24:0:2624533710:810392262,1018428:95:24:1:810392262:2624533805,1019874:108:24:0:2624533805:810392291,1020058:96:24:1:810392291:2624533847,1024655:113:24:0:2624533847:810392321,1024805:71:24:1:810392321:2624533894,1025099:116:24:0:2624533894:810392326,1025292:91:24:1:810392326:2624533944,1025297:140:25:1:810392351:2624533944,1025567:66:16:0:2624533944:810392426,1130740:122:24:0:2624533944:810392426,1130923:60:4:1:810392426:0"
1,1257285211349516,151,2,46174,113,rst_during_handshake,"0:74:2:1:2616678067:0,151:60:20:0:0:2616678068"
0,1257285212382832,1063981,19,44036,25,abortive,"0:74:2:1:820367947:0,250:74:18:0:2639969168:820367948,398:66:16:1:820367948:2639969169,1010208:284:24:0:2639969169:820367948,1010397:66:16:1:820367948:2639969387,1010403:81:24:1:820367948:2639969387,1010673:66:16:0:2639969387:820367963,1010768:161:24:0:2639969387:820367963,1010944:95:24:1:820367963:2639969482,1012249:108:24:0:2639969482:820367992,1012420:101:24:1:820367992:2639969524,1014635:118:24:0:2639969524:820368027,1014809:71:24:1:820368027:2639969576,1015104:116:24:0:2639969576:820368032,1015290:96:24:1:820368032:2639969626,1015296:140:25:1:820368062:2639969626,1015569:66:16:0:2639969626:820368137,1063796:122:24:0:2639969626:820368137,1063981:60:4:1:820368137:0"
1,1257285212385335,148,2,59938,113,rst_during_handshake,"0:74:2:1:2648998471:0,148:60:20:0:0:2648998472"
0,1257285221662590,1074316,19,45677,25,abortive,"0:74:2:1:977061016:0,273:74:18:0:2781263147:977061017,419:66:16:1:977061017:2781263148,1017275:284:24:0:2781263148:977061017,1017481:66:16:1:977061017:2781263366,1017486:81:24:1:977061017:2781263366,1017841:66:16:0:2781263366:977061032,1017842:161:24:0:2781263366:977061032,1018042:95:24:1:977061032:2781263461,1019642:108:24:0:2781263461:977061061,1019821:99:24:1:977061061:2781263503,1022412:116:24:0:2781263503:977061094,1022595:71:24:1:977061094:2781263553,1022873:116:24:0:2781263553:977061099,1023062:94:24:1:977061099:2781263603,1023069:140:25:1:977061127:2781263603,1023328:66:16:0:2781263603:977061202,1074170:122:24:0:2781263603:977061202,1074316:60:4:1:977061202:0"
1,1257285221665212,150,2,40588,113,rst_during_handshake,"0:74:2:1:2780886803:0,150:60:20:0:0:2780886804"
0,1257285222702022,1094892,19,58165,25,abortive,"0:74:2:1:986071197:0,249:74:18:0:2801438606:986071198,418:66:16:1:986071198:2801438607,1030250:284:24:0:2801438607:986071198,1030436:66:16:1:986071198:2801438825,1030442:81:24:1:986071198:2801438825,1030697:66:16:0:2801438825:986071213,1030755:161:24:0:2801438825:986071213,1030933:95:24:1:986071213:2801438920,1032183:108:24:0:2801438920:986071242,1032353:101:24:1:986071242:2801438962,1034916:118:24:0:2801438962:986071277,1035087:71:24:1:986071277:2801439014,1035409:116:24:0:2801439014:986071282,1035603:96:24:1:986071282:2801439064,1035610:140:25:1:986071312:2801439064,1035876:66:16:0:2801439064:986071387,1094744:122:24:0:2801439064:986071387,1094892:60:4:1:986071387:0"
1,1257285222704597,149,2,39959,113,rst_during_handshake,"0:74:2:1:2803216705:0,149:60:20:0:0:2803216706"
0,1257285225828069,1030583,19,41747,25,abortive,"0:74:2:1:1033119383:0,248:74:18:0:2858792815:1033119384,396:66:16:1:1033119384:2858792816,1014343:284:24:0:2858792816:1033119384,1014533:66:16:1:1033119384:2858793034,1014538:81:24:1:1033119384:2858793034,1014789:66:16:0:2858793034:1033119399,1014860:161:24:0:2858793034:1033119399,1015041:95:24:1:1033119399:2858793129,1016283:108:24:0:2858793129:1033119428,1016457:96:24:1:1033119428:2858793171,1018858:113:24:0:2858793171:1033119458,1019034:71:24:1:1033119458:2858793218,1019443:116:24:0:2858793218:1033119463,1019679:91:24:1:1033119463:2858793268,1019686:140:25:1:1033119488:2858793268,1019974:66:16:0:2858793268:1033119563,1030432:122:24:0:2858793268:1033119563,1030583:60:4:1:1033119563:0"
1,1257285225830551,149,2,53022,113,rst_during_handshake,"0:74:2:1:2847030773:0,149:60:20:0:0:2847030774"
0,1257285226858867,1032231,19,39546,25,abortive,"0:74:2:1:1056623433:0,244:74:18:0:2860258920:1056623434,390:66:16:1:1056623434:2860258921,1010475:284:24:0:2860258921:1056623434,1010668:66:16:1:1056623434:2860259139,1010674:81:24:1:1056623434:2860259139,1010923:66:16:0:2860259139:1056623449,1011004:161:24:0:2860259139:1056623449,1011178:95:24:1:1056623449:2860259234,1012428:108:24:0:2860259234:1056623478,1012608:95:24:1:1056623478:2860259276,1014733:112:24:0:2860259276:1056623507,1014878:71:24:1:1056623507:2860259322,1015155:116:24:0:2860259322:1056623512,1015343:90:24:1:1056623512:2860259372,1015350:140:25:1:1056623536:2860259372,1015617:66:16:0:2860259372:1056623611,1031956:122:24:0:2860259372:1056623611,1032231:60:4:1:1056623611:0"
1,1257285226861383,163,2,35883,113,rst_during_handshake,"0:74:2:1:2868136174:0,163:60:20:0:0:2868136175"
0,1257285232993260,1079679,19,45999,25,abortive,"0:74:2:1:1151566760:0,254:74:18:0:2963360405:1151566761,404:66:16:1:1151566761:2963360406,1010776:284:24:0:2963360406:1151566761,1010963:66:16:1:1151566761:2963360624,1010969:81:24:1:1151566761:2963360624,1011221:66:16:0:2963360624:1151566776,1011644:161:24:0:2963360624:1151566776,1011822:95:24:1:1151566776:2963360719,1015250:108:24:0:2963360719:1151566805,1015428:94:24:1:1151566805:2963360761,1017933:111:24:0:2963360761:1151566833,1018105:71:24:1:1151566833:2963360806,1018402:116:24:0:2963360806:1151566838,1018591:89:24:1:1151566838:2963360856,1018598:140:25:1:1151566861:2963360856,1018871:66:16:0:2963360856:1151566936,1079531:122:24:0:2963360856:1151566936,1079679:60:4:1:1151566936:0"
1,1257285232995901,148,2,51890,113,rst_during_handshake,"0:74:2:1:2966199121:0,148:60:20:0:0:2966199122"
0,1257285239488006,2564327,21,52839,25,abortive,"0:74:2:1:1245494269:0,260:74:18:0:3070941933:1245494270,406:66:16:1:1245494270:3070941934,1034449:284:24:0:3070941934:1245494270,1034633:66:16:1:1245494270:3070942152,1034638:81:24:1:1245494270:3070942152,1034890:66:16:0:3070942152:1245494285,1034969:161:24:0:3070942152:1245494285,1035144:95:24:1:1245494285:3070942247,1036372:108:24:0:3070942247:1245494314,1036543:96:24:1:1245494314:3070942289,1075629:66:16:0:3070942289:1245494344,1837712:113:24:0:3070942289:1245494344,1837901:71:24:1:1245494344:3070942336,1838169:66:16:0:3070942336:1245494349,1838225:116:24:0:3070942336:1245494349,1838436:91:24:1:1245494349:3070942386,1838443:140:25:1:1245494374:3070942386,1838729:66:16:0:3070942386:1245494449,2564162:122:24:0:3070942386:1245494449,2564327:60:4:1:1245494449:0"
1,1257285239490541,146,2,51131,113,rst_during_handshake,"0:74:2:1:3067901094:0,146:60:20:0:0:3067901095"
0,1257285242528526,1345694,19,35782,25,abortive,"0:74:2:1:1298714168:0,249:74:18:0:3108926345:1298714169,394:66:16:1:1298714169:3108926346,1022796:284:24:0:3108926346:1298714169,1022987:66:16:1:1298714169:3108926564,1022992:81:24:1:1298714169:3108926564,1023243:66:16:0:3108926564:1298714184,1023306:161:24:0:3108926564:1298714184,1023484:95:24:1:1298714184:3108926659,1033186:108:24:0:3108926659:1298714213,1033364:98:24:1:1298714213:3108926701,1056671:115:24:0:3108926701:1298714245,1056849:71:24:1:1298714245:3108926750,1057383:116:24:0:3108926750:1298714250,1057627:93:24:1:1298714250:3108926800,1057633:140:25:1:1298714277:3108926800,1058155:66:16:0:3108926800:1298714352,1345548:122:24:0:3108926800:1298714352,1345694:60:4:1:1298714352:0"
1,1257285242530916,148,2,36748,113,rst_during_handshake,"0:74:2:1:3110045704:0,148:60:20:0:0:3110045705"
0,1257285252297605,1106937,19,57433,25,abortive,"0:74:2:1:1456730060:0,247:74:18:0:3257339575:1456730061,391:66:16:1:1456730061:3257339576,1018038:284:24:0:3257339576:1456730061,1018221:66:16:1:1456730061:3257339794,1018226:81:24:1:1456730061:3257339794,1018474:66:16:0:3257339794:1456730076,1018551:161:24:0:3257339794:1456730076,1018730:95:24:1:1456730076:3257339889,1020028:108:24:0:3257339889:1456730105,1020221:98:24:1:1456730105:3257339931,1022584:115:24:0:3257339931:1456730137,1022755:71:24:1:1456730137:3257339980,1023063:116:24:0:3257339980:1456730142,1023261:93:24:1:1456730142:3257340030,1023267:140:25:1:1456730169:3257340030,1023538:66:16:0:3257340030:1456730244,1106790:122:24:0:3257340030:1456730244,1106937:60:4:1:1456730244:0"
1,1257285252300069,147,2,50601,113,rst_during_handshake,"0:74:2:1:3266159420:0,147:60:20:0:0:3266159421"
0,1257285259534940,1071290,19,56338,25,abortive,"0:74:2:1:1567670142:0,243:74:18:0:3373726870:1567670143,389:66:16:1:1567670143:3373726871,1026783:284:24:0:3373726871:1567670143,1026977:66:16:1:1567670143:3373727089,1026982:81:24:1:1567670143:3373727089,1027228:66:16:0:3373727089:1567670158,1027286:161:24:0:3373727089:1567670158,1027463:95:24:1:1567670158:3373727184,1028752:108:24:0:3373727184:1567670187,1028932:97:24:1:1567670187:3373727226,1031375:114:24:0:3373727226:1567670218,1031551:71:24:1:1567670218:3373727274,1031850:116:24:0:3373727274:1567670223,1032036:92:24:1:1567670223:3373727324,1032043:140:25:1:1567670249:3373727324,1032306:66:16:0:3373727324:1567670324,1071132:122:24:0:3373727324:1567670324,1071290:60:4:1:1567670324:0"
1,1257285259537462,193,2,51285,113,rst_during_handshake,"0:74:2:1:3376671964:0,193:60:20:0:0:3376671965"
0,1257285260577652,1091913,19,59353,25,abortive,"0:74:2:1:1584275346:0,247:74:18:0:3387500358:1584275347,394:66:16:1:1584275347:3387500359,1005489:284:24:0:3387500359:1584275347,1005675:66:16:1:1584275347:3387500577,1005680:81:24:1:1584275347:3387500577,1005926:66:16:0:3387500577:1584275362,1005982:161:24:0:3387500577:1584275362,1006157:95:24:1:1584275362:3387500672,1007392:108:24:0:3387500672:1584275391,1007593:99:24:1:1584275391:3387500714,1025409:116:24:0:3387500714:1584275424,1025614:71:24:1:1584275424:3387500764,1025926:116:24:0:3387500764:1584275429,1026139:94:24:1:1584275429:3387500814,1026150:140:25:1:1584275457:3387500814,1026446:66:16:0:3387500814:1584275532,1091756:122:24:0:3387500814:1584275532,1091913:60:4:1:1584275532:0"
1,1257285260580056,151,2,39704,113,rst_during_handshake,"0:74:2:1:3396397697:0,151:60:20:0:0:3396397698"
0,1257285263689567,1104346,19,52408,25,abortive,"0:74:2:1:1630626450:0,249:74:18:0:3444096432:1630626451,397:66:16:1:1630626451:3444096433,1003453:284:24:0:3444096433:1630626451,1003643:66:16:1:1630626451:3444096651,1003648:81:24:1:1630626451:3444096651,1003900:66:16:0:3444096651:1630626466,1003952:161:24:0:3444096651:1630626466,1004123:95:24:1:1630626466:3444096746,1005462:108:24:0:3444096746:1630626495,1005670:95:24:1:1630626495:3444096788,1010957:112:24:0:3444096788:1630626524,1011104:71:24:1:1630626524:3444096834,1012283:116:24:0:3444096834:1630626529,1012637:90:24:1:1630626529:3444096884,1012639:140:25:1:1630626553:3444096884,1016916:66:16:0:3444096884:1630626628,1104181:122:24:0:3444096884:1630626628,1104346:60:4:1:1630626628:0"
1,1257285263692020,150,2,56843,113,rst_during_handshake,"0:74:2:1:3442868889:0,150:60:20:0:0:3442868890"
0,1257299705975274,4067981,21,34486,25,abortive,"0:74:2:1:470236723:0,278:74:18:0:2275951281:470236724,457:66:16:1:470236724:2275951282,1003142:284:24:0:2275951282:470236724,1003329:66:16:1:470236724:2275951500,1003335:81:24:1:470236724:2275951500,1003585:66:16:0:2275951500:470236739,1003661:161:24:0:2275951500:470236739,1003838:95:24:1:470236739:2275951595,1005087:108:24:0:2275951595:470236768,1005269:97:24:1:470236768:2275951637,1044302:66:16:0:2275951637:470236799,3921095:114:24:0:2275951637:470236799,3921269:71:24:1:470236799:2275951685,3921517:66:16:0:2275951685:470236804,3921573:116:24:0:2275951685:470236804,3921771:92:24:1:470236804:2275951735,3921777:140:25:1:470236830:2275951735,3922048:66:16:0:2275951735:470236905,4067810:122:24:0:2275951735:470236905,4067981:60:4:1:470236905:0"
1,1257299705977785,151,2,40727,113,rst_during_handshake,"0:74:2:1:2275545384:0,151:60:20:0:0:2275545385"
0,1257299714079586,1028196,19,36269,25,abortive,"0:74:2:1:584255824:0,413:74:18:0:2408184582:584255825,720:66:16:1:584255825:2408184583,1009198:284:24:0:2408184583:584255825,1009384:66:16:1:584255825:2408184801,1009389:81:24:1:584255825:2408184801,1009638:66:16:0:2408184801:584255840,1009703:161:24:0:2408184801:584255840,1009882:95:24:1:584255840:2408184896,1011182:108:24:0:2408184896:584255869,1011360:95:24:1:584255869:2408184938,1013566:112:24:0:2408184938:584255898,1013735:71:24:1:584255898:2408184984,1014046:116:24:0:2408184984:584255903,1014278:90:24:1:584255903:2408185034,1014285:140:25:1:584255927:2408185034,1014557:66:16:0:2408185034:584256002,1028050:122:24:0:2408185034:584256002,1028196:60:4:1:584256002:0"
1,1257299714082342,151,2,57662,113,rst_during_handshake,"0:74:2:1:2407578885:0,151:60:20:0:0:2407578886"
0,1257299721278846,1084914,19,60731,25,abortive,"0:74:2:1:703714759:0,254:74:18:0:2510627990:703714760,402:66:16:1:703714760:2510627991,1021566:284:24:0:2510627991:703714760,1021753:66:16:1:703714760:2510628209,1021759:81:24:1:703714760:2510628209,1022007:66:16:0:2510628209:703714775,1022100:161:24:0:2510628209:703714775,1022280:95:24:1:703714775:2510628304,1027743:108:24:0:2510628304:703714804,1027917:97:24:1:703714804:2510628346,1030381:114:24:0:2510628346:703714835,1030552:71:24:1:703714835:2510628394,1030979:116:24:0:2510628394:703714840,1031174:92:24:1:703714840:2510628444,1031180:140:25:1:703714866:2510628444,1031443:66:16:0:2510628444:703714941,1084770:122:24:0:2510628444:703714941,1084914:60:4:1:703714941:0"
1,1257299721281683,152,2,43894,113,rst_during_handshake,"0:74:2:1:2518004002:0,152:60:20:0:0:2518004003"
0,1257299737779203,1028539,19,51039,25,abortive,"0:74:2:1:965235347:0,243:74:18:0:2779667850:965235348,389:66:16:1:965235348:2779667851,1003230:284:24:0:2779667851:965235348,1003415:66:16:1:965235348:2779668069,1003421:81:24:1:965235348:2779668069,1003666:66:16:0:2779668069:965235363,1003716:161:24:0:2779668069:965235363,1003893:95:24:1:965235363:2779668164,1005126:108:24:0:2779668164:965235392,1005307:98:24:1:965235392:2779668206,1007585:115:24:0:2779668206:965235424,1007756:71:24:1:965235424:2779668255,1008034:116:24:0:2779668255:965235429,1008218:93:24:1:965235429:2779668305,1008225:140:25:1:965235456:2779668305,1008499:66:16:0:2779668305:965235531,1028392:122:24:0:2779668305:965235531,1028539:60:4:1:965235531:0"
1,1257299737781713,151,2,34118,113,rst_during_handshake,"0:74:2:1:2779616704:0,151:60:20:0:0:2779616705"
0,1257299747057747,1043017,19,44742,25,abortive,"0:74:2:1:1105497005:0,261:74:18:0:2922442847:1105497006,407:66:16:1:1105497006:2922442848,1013287:284:24:0:2922442848:1105497006,1013439:66:16:1:1105497006:2922443066,1013462:81:24:1:1105497006:2922443066,1013704:66:16:0:2922443066:1105497021,1013786:161:24:0:2922443066:1105497021,1013964:95:24:1:1105497021:2922443161,1015249:108:24:0:2922443161:1105497050,1015430:93:24:1:1105497050:2922443203,1017653:110:24:0:2922443203:1105497077,1017800:71:24:1:1105497077:2922443247,1018099:116:24:0:2922443247:1105497082,1018291:88:24:1:1105497082:2922443297,1018298:140:25:1:1105497104:2922443297,1018569:66:16:0:2922443297:1105497179,1042871:122:24:0:2922443297:1105497179,1043017:60:4:1:1105497179:0"
1,1257299747060690,147,2,49249,113,rst_during_handshake,"0:74:2:1:2919573778:0,147:60:20:0:0:2919573779"
0,1257299749116990,1068356,19,45941,25,abortive,"0:74:2:1:1130162720:0,249:74:18:0:2953212897:1130162721,397:66:16:1:1130162721:2953212898,1013505:284:24:0:2953212898:1130162721,1013693:66:16:1:1130162721:2953213116,1013698:81:24:1:1130162721:2953213116,1013949:66:16:0:2953213116:1130162736,1014024:161:24:0:2953213116:1130162736,1014202:95:24:1:1130162736:2953213211,1015433:108:24:0:2953213211:1130162765,1015603:96:24:1:1130162765:2953213253,1018036:113:24:0:2953213253:1130162795,1018182:71:24:1:1130162795:2953213300,1018463:116:24:0:2953213300:1130162800,1018655:91:24:1:1130162800:2953213350,1018662:140:25:1:1130162825:2953213350,1018932:66:16:0:2953213350:1130162900,1068211:122:24:0:2953213350:1130162900,1068356:60:4:1:1130162900:0"
1,1257299749119381,149,2,36409,113,rst_during_handshake,"0:74:2:1:2941410867:0,149:60:20:0:0:2941410868"
0,1257299751171759,5696127,19,49781,25,abortive,"0:74:2:1:1162445024:0,250:74:18:0:2975437755:1162445025,397:66:16:1:1162445025:2975437756,1011987:284:24:0:2975437756:1162445025,1012175:66:16:1:1162445025:2975437974,1012180:81:24:1:1162445025:2975437974,1012431:66:16:0:2975437974:1162445040,1012491:161:24:0:2975437974:1162445040,1012669:95:24:1:1162445040:2975438069,1014143:108:24:0:2975438069:1162445069,1014324:96:24:1:1162445069:2975438111,1016953:113:24:0:2975438111:1162445099,1017100:71:24:1:1162445099:2975438158,1017387:116:24:0:2975438158:1162445104,1017583:91:24:1:1162445104:2975438208,1017590:140:25:1:1162445129:2975438208,1017865:66:16:0:2975438208:1162445204,5695930:122:24:0:2975438208:1162445204,5696127:60:4:1:1162445204:0"
1,1257299751174172,149,2,49514,113,rst_during_handshake,"0:74:2:1:2980708452:0,149:60:20:0:0:2980708453"
0,1257299752200245,4667666,19,53321,25,abortive,"0:74:2:1:1182747427:0,249:74:18:0:2997375499:1182747428,396:66:16:1:1182747428:2997375500,1021664:284:24:0:2997375500:1182747428,1021847:66:16:1:1182747428:2997375718,1021853:81:24:1:1182747428:2997375718,1022104:66:16:0:2997375718:1182747443,1022184:161:24:0:2997375718:1182747443,1022363:95:24:1:1182747443:2997375813,1023633:108:24:0:2997375813:1182747472,1023813:100:24:1:1182747472:2997375855,1026172:117:24:0:2997375855:1182747506,1026320:71:24:1:1182747506:2997375906,1026630:116:24:0:2997375906:1182747511,1026822:95:24:1:1182747511:2997375956,1026829:140:25:1:1182747540:2997375956,1027098:66:16:0:2997375956:1182747615,4667457:122:24:0:2997375956:1182747615,4667666:60:4:1:1182747615:0"
1,1257299752202775,152,2,54196,113,rst_during_handshake,"0:74:2:1:2998332712:0,152:60:20:0:0:2998332713"
0,1257299764991537,1047235,19,48966,25,abortive,"0:74:2:1:1405415270:0,246:74:18:0:3193445070:1405415271,389:66:16:1:1405415271:3193445071,1002239:284:24:0:3193445071:1405415271,1002423:66:16:1:1405415271:3193445289,1002428:81:24:1:1405415271:3193445289,1002679:66:16:0:3193445289:1405415286,1002754:161:24:0:3193445289:1405415286,1002934:95:24:1:1405415286:3193445384,1004247:108:24:0:3193445384:1405415315,1004424:95:24:1:1405415315:3193445426,1007000:112:24:0:3193445426:1405415344,1007171:71:24:1:1405415344:3193445472,1007458:116:24:0:3193445472:1405415349,1007649:90:24:1:1405415349:3193445522,1007655:140:25:1:1405415373:3193445522,1007921:66:16:0:3193445522:1405415448,1047076:122:24:0:3193445522:1405415448,1047235:60:4:1:1405415448:0"
1,1257299764994055,147,2,34344,113,rst_during_handshake,"0:74:2:1:3195987503:0,147:60:20:0:0:3195987504"
0,1257299768116163,1050426,19,47301,25,abortive,"0:74:2:1:1453474181:0,248:74:18:0:3261228496:1453474182,395:66:16:1:1453474182:3261228497,1005272:284:24:0:3261228497:1453474182,1005462:66:16:1:1453474182:3261228715,1005468:81:24:1:1453474182:3261228715,1005717:66:16:0:3261228715:1453474197,1005806:161:24:0:3261228715:1453474197,1005985:95:24:1:1453474197:3261228810,1007266:108:24:0:3261228810:1453474226,1007439:96:24:1:1453474226:3261228852,1009928:113:24:0:3261228852:1453474256,1010097:71:24:1:1453474256:3261228899,1010414:116:24:0:3261228899:1453474261,1010618:91:24:1:1453474261:3261228949,1010625:140:25:1:1453474286:3261228949,1010888:66:16:0:3261228949:1453474361,1050249:122:24:0:3261228949:1453474361,1050426:60:4:1:1453474361:0"
1,1257299768118596,150,2,54345,113,rst_during_handshake,"0:74:2:1:3257451166:0,150:60:20:0:0:3257451167"
0,1257299769144287,1027257,19,42966,25,abortive,"0:74:2:1:1459874309:0,250:74:18:0:3279515754:1459874310,395:66:16:1:1459874310:3279515755,1010318:284:24:0:3279515755:1459874310,1010502:66:16:1:1459874310:3279515973,1010507:81:24:1:1459874310:3279515973,1010757:66:16:0:3279515973:1459874325,1010843:161:24:0:3279515973:1459874325,1011021:95:24:1:1459874325:3279516068,1012273:108:24:0:3279516068:1459874354,1012444:94:24:1:1459874354:3279516110,1014798:111:24:0:3279516110:1459874382,1014945:71:24:1:1459874382:3279516155,1015222:116:24:0:3279516155:1459874387,1015412:89:24:1:1459874387:3279516205,1015419:140:25:1:1459874410:3279516205,1015690:66:16:0:3279516205:1459874485,1027109:122:24:0:3279516205:1459874485,1027257:60:4:1:1459874485:0"
1,1257299769146735,149,2,49328,113,rst_during_handshake,"0:74:2:1:3278071338:0,149:60:20:0:0:3278071339"
0,1257299771194314,1050314,19,56377,25,abortive,"0:74:2:1:1492502828:0,265:74:18:0:3315797689:1492502829,412:66:16:1:1492502829:3315797690,1009749:284:24:0:3315797690:1492502829,1009938:66:16:1:1492502829:3315797908,1009943:81:24:1:1492502829:3315797908,1010197:66:16:0:3315797908:1492502844,1010275:161:24:0:3315797908:1492502844,1010448:95:24:1:1492502844:3315798003,1011716:108:24:0:3315798003:1492502873,1011897:96:24:1:1492502873:3315798045,1014159:113:24:0:3315798045:1492502903,1014305:71:24:1:1492502903:3315798092,1014583:116:24:0:3315798092:1492502908,1014774:91:24:1:1492502908:3315798142,1014781:140:25:1:1492502933:3315798142,1015057:66:16:0:3315798142:1492503008,1050167:122:24:0:3315798142:1492503008,1050314:60:4:1:1492503008:0"
1,1257299771196773,149,2,42802,113,rst_during_handshake,"0:74:2:1:3309098395:0,149:60:20:0:0:3309098396"
0,1257299772219972,1126187,19,58571,25,abortive,"0:74:2:1:1519088859:0,243:74:18:0:3334464591:1519088860,388:66:16:1:1519088860:3334464592,1021663:284:24:0:3334464592:1519088860,1021851:66:16:1:1519088860:3334464810,1021857:81:24:1:1519088860:3334464810,1022113:66:16:0:3334464810:1519088875,1022171:161:24:0:3334464810:1519088875,1022341:95:24:1:1519088875:3334464905,1023706:108:24:0:3334464905:1519088904,1023887:99:24:1:1519088904:3334464947,1026364:116:24:0:3334464947:1519088937,1026553:71:24:1:1519088937:3334464997,1026835:116:24:0:3334464997:1519088942,1027034:94:24:1:1519088942:3334465047,1027041:140:25:1:1519088970:3334465047,1027309:66:16:0:3334465047:1519089045,1126043:122:24:0:3334465047:1519089045,1126187:60:4:1:1519089045:0"
1,1257299772222394,191,2,48763,113,rst_during_handshake,"0:74:2:1:3332770562:0,191:60:20:0:0:3332770563"
0,1257299774284304,1072033,19,34624,25,abortive,"0:74:2:1:1542973417:0,282:74:18:0:3365250503:1542973418,427:66:16:1:1542973418:3365250504,1009972:284:24:0:3365250504:1542973418,1010155:66:16:1:1542973418:3365250722,1010161:81:24:1:1542973418:3365250722,1010410:66:16:0:3365250722:1542973433,1010484:161:24:0:3365250722:1542973433,1010653:95:24:1:1542973433:3365250817,1011947:108:24:0:3365250817:1542973462,1012127:96:24:1:1542973462:3365250859,1014632:113:24:0:3365250859:1542973492,1014805:71:24:1:1542973492:3365250906,1015103:116:24:0:3365250906:1542973497,1015306:91:24:1:1542973497:3365250956,1015314:140:25:1:1542973522:3365250956,1015583:66:16:0:3365250956:1542973597,1071889:122:24:0:3365250956:1542973597,1072033:60:4:1:1542973597:0"
1,1257299774291856,147,2,50764,113,rst_during_handshake,"0:74:2:1:3360852222:0,147:60:20:0:0:3360852223"
0,1257299775310579,1059477,19,60999,25,abortive,"0:74:2:1:1556295187:0,345:74:18:0:3378477661:1556295188,536:66:16:1:1556295188:3378477662,1013746:284:24:0:3378477662:1556295188,1014031:66:16:1:1556295188:3378477880,1014037:81:24:1:1556295188:3378477880,1014282:66:16:0:3378477880:1556295203,1014356:161:24:0:3378477880:1556295203,1014532:95:24:1:1556295203:3378477975,1015821:108:24:0:3378477975:1556295232,1016000:98:24:1:1556295232:3378478017,1018269:115:24:0:3378478017:1556295264,1018416:71:24:1:1556295264:3378478066,1018703:116:24:0:3378478066:1556295269,1018894:93:24:1:1556295269:3378478116,1018901:140:25:1:1556295296:3378478116,1019166:66:16:0:3378478116:1556295371,1059263:122:24:0:3378478116:1556295371,1059477:60:4:1:1556295371:0"
1,1257299775313168,149,2,53598,113,rst_during_handshake,"0:74:2:1:3380056363:0,149:60:20:0:0:3380056364"
0,1257346081796913,1029148,19,48850,25,abortive,"0:74:2:1:1828850082:0,427:74:18:0:3652447614:1828850083,632:66:16:1:1828850083:3652447615,1014529:284:24:0:3652447615:1828850083,1014720:66:16:1:1828850083:3652447833,1014726:81:24:1:1828850083:3652447833,1014975:66:16:0:3652447833:1828850098,1015060:161:24:0:3652447833:1828850098,1015259:95:24:1:1828850098:3652447928,1016575:108:24:0:3652447928:1828850127,1016754:98:24:1:1828850127:3652447970,1018889:115:24:0:3652447970:1828850159,1019035:71:24:1:1828850159:3652448019,1019330:116:24:0:3652448019:1828850164,1019523:93:24:1:1828850164:3652448069,1019529:140:25:1:1828850191:3652448069,1019791:66:16:0:3652448069:1828850266,1028987:122:24:0:3652448069:1828850266,1029148:60:4:1:1828850266:0"
1,1257346081799771,151,2,52230,113,rst_during_handshake,"0:74:2:1:3638831340:0,151:60:20:0:0:3638831341"
0,1257346086914762,1032592,19,34677,25,abortive,"0:74:2:1:1912432628:0,715:74:18:0:3726629905:1912432629,908:66:16:1:1912432629:3726629906,1013196:284:24:0:3726629906:1912432629,1013381:66:16:1:1912432629:3726630124,1013385:81:24:1:1912432629:3726630124,1013636:66:16:0:3726630124:1912432644,1013722:161:24:0:3726630124:1912432644,1013897:95:24:1:1912432644:3726630219,1015267:108:24:0:3726630219:1912432673,1015446:97:24:1:1912432673:3726630261,1017602:114:24:0:3726630261:1912432704,1017771:71:24:1:1912432704:3726630309,1018066:116:24:0:3726630309:1912432709,1018260:92:24:1:1912432709:3726630359,1018267:140:25:1:1912432735:3726630359,1018532:66:16:0:3726630359:1912432810,1032408:122:24:0:3726630359:1912432810,1032592:60:4:1:1912432810:0"
1,1257346086918202,200,2,49397,113,rst_during_handshake,"0:74:2:1:3722762590:0,200:60:20:0:0:3722762591"
0,1257346088964601,1021985,19,56452,25,abortive,"0:74:2:1:1945550195:0,253:74:18:0:3760392070:1945550196,399:66:16:1:1945550196:3760392071,1003545:284:24:0:3760392071:1945550196,1003762:66:16:1:1945550196:3760392289,1003767:81:24:1:1945550196:3760392289,1004116:66:16:0:3760392289:1945550211,1004122:161:24:0:3760392289:1945550211,1004348:95:24:1:1945550211:3760392384,1005585:108:24:0:3760392384:1945550240,1005750:98:24:1:1945550240:3760392426,1008039:115:24:0:3760392426:1945550272,1008185:71:24:1:1945550272:3760392475,1008467:116:24:0:3760392475:1945550277,1008655:93:24:1:1945550277:3760392525,1008662:140:25:1:1945550304:3760392525,1008939:66:16:0:3760392525:1945550379,1021838:122:24:0:3760392525:1945550379,1021985:60:4:1:1945550379:0"
1,1257346088967074,148,2,60138,113,rst_during_handshake,"0:74:2:1:3765226628:0,148:60:20:0:0:3765226629"
0,1257346095087391,1017229,19,39638,25,abortive,"0:74:2:1:2042724587:0,257:74:18:0:3850242966:2042724588,401:66:16:1:2042724588:3850242967,1000946:284:24:0:3850242967:2042724588,1001131:66:16:1:2042724588:3850243185,1001137:81:24:1:2042724588:3850243185,1001389:66:16:0:3850243185:2042724603,1001443:161:24:0:3850243185:2042724603,1001625:95:24:1:2042724603:3850243280,1003070:108:24:0:3850243280:2042724632,1003272:97:24:1:2042724632:3850243322,1005501:114:24:0:3850243322:2042724663,1005666:71:24:1:2042724663:3850243370,1005975:116:24:0:3850243370:2042724668,1006172:92:24:1:2042724668:3850243420,1006178:140:25:1:2042724694:3850243420,1006461:66:16:0:3850243420:2042724769,1017081:122:24:0:3850243420:2042724769,1017229:60:4:1:2042724769:0"
1,1257346095089848,133,2,58014,113,rst_during_handshake,"0:74:2:1:3847805107:0,133:60:20:0:0:3847805108"
0,1257346101219506,1077947,19,53244,25,abortive,"0:74:2:1:2146598376:0,253:74:18:0:3946352731:2146598377,402:66:16:1:2146598377:3946352732,1011067:284:24:0:3946352732:2146598377,1011305:66:16:1:2146598377:3946352950,1011311:81:24:1:2146598377:3946352950,1011915:66:16:0:3946352950:2146598392,1011954:161:24:0:3946352950:2146598392,1012156:95:24:1:2146598392:3946353045,1013431:108:24:0:3946353045:2146598421,1013609:97:24:1:2146598421:3946353087,1015732:114:24:0:3946353087:2146598452,1015896:71:24:1:2146598452:3946353135,1016176:116:24:0:3946353135:2146598457,1016365:92:24:1:2146598457:3946353185,1016372:140:25:1:2146598483:3946353185,1016650:66:16:0:3946353185:2146598558,1077801:122:24:0:3946353185:2146598558,1077947:60:4:1:2146598558:0"
1,1257346101222049,149,2,33176,113,rst_during_handshake,"0:74:2:1:3954097768:0,149:60:20:0:0:3954097769"
0,1257346104283254,1019364,19,51618,25,abortive,"0:74:2:1:2185778411:0,242:74:18:0:3995347392:2185778412,389:66:16:1:2185778412:3995347393,1002112:284:24:0:3995347393:2185778412,1002321:66:16:1:2185778412:3995347611,1002327:81:24:1:2185778412:3995347611,1002585:66:16:0:3995347611:2185778427,1002678:161:24:0:3995347611:2185778427,1002857:95:24:1:2185778427:3995347706,1004167:108:24:0:3995347706:2185778456,1004338:99:24:1:2185778456:3995347748,1006692:116:24:0:3995347748:2185778489,1006866:71:24:1:2185778489:3995347798,1007145:116:24:0:3995347798:2185778494,1007334:94:24:1:2185778494:3995347848,1007339:140:25:1:2185778522:3995347848,1007612:66:16:0:3995347848:2185778597,1019210:122:24:0:3995347848:2185778597,1019364:60:4:1:2185778597:0"
1,1257346104285722,151,2,47304,113,rst_during_handshake,"0:74:2:1:4004256629:0,151:60:20:0:0:4004256630"
0,1257346106321537,1028243,19,55583,25,abortive,"0:74:2:1:2223372516:0,263:74:18:0:4031067637:2223372517,409:66:16:1:2223372517:4031067638,1002905:284:24:0:4031067638:2223372517,1003094:66:16:1:2223372517:4031067856,1003099:81:24:1:2223372517:4031067856,1003352:66:16:0:4031067856:2223372532,1003404:161:24:0:4031067856:2223372532,1003577:95:24:1:2223372532:4031067951,1004914:108:24:0:4031067951:2223372561,1005093:96:24:1:2223372561:4031067993,1007712:113:24:0:4031067993:2223372591,1007921:71:24:1:2223372591:4031068040,1008224:116:24:0:4031068040:2223372596,1008437:91:24:1:2223372596:4031068090,1008444:140:25:1:2223372621:4031068090,1008709:66:16:0:4031068090:2223372696,1028093:122:24:0:4031068090:2223372696,1028243:60:4:1:2223372696:0"
1,1257346106324271,194,2,51106,113,rst_during_handshake,"0:74:2:1:4030098752:0,194:60:20:0:0:4030098753"
0,1257346123692955,1023328,19,46718,25,abortive,"0:74:2:1:2487464117:0,264:74:18:0:6559596:2487464118,411:66:16:1:2487464118:6559597,1003639:284:24:0:6559597:2487464118,1003830:66:16:1:2487464118:6559815,1003836:81:24:1:2487464118:6559815,1004098:66:16:0:6559815:2487464133,1004174:161:24:0:6559815:2487464133,1004355:95:24:1:2487464133:6559910,1005668:108:24:0:6559910:2487464162,1005844:99:24:1:2487464162:6559952,1008218:116:24:0:6559952:2487464195,1008364:71:24:1:2487464195:6560002,1008662:116:24:0:6560002:2487464200,1008851:94:24:1:2487464200:6560052,1008859:140:25:1:2487464228:6560052,1009118:66:16:0:6560052:2487464303,1023180:122:24:0:6560052:2487464303,1023328:60:4:1:2487464303:0"
1,1257346123695441,153,2,55555,113,rst_during_handshake,"0:74:2:1:960789:0,153:60:20:0:0:960790"
0,1257346126762490,1040234,19,54713,25,abortive,"0:74:18:0:61104786:2539402078,744:74:2:1:2539402077:0,1149:66:16:1:2539402078:61104787,1004289:284:24:0:61104787:2539402078,1004472:66:16:1:2539402078:61105005,1004477:81:24:1:2539402078:61105005,1004736:66:16:0:61105005:2539402093,1004812:161:24:0:61105005:2539402093,1004985:95:24:1:2539402093:61105100,1006313:108:24:0:61105100:2539402122,1006519:97:24:1:2539402122:61105142,1008958:114:24:0:61105142:2539402153,1009126:71:24:1:2539402153:61105190,1009437:116:24:0:61105190:2539402158,1009631:92:24:1:2539402158:61105240,1009638:140:25:1:2539402184:61105240,1009908:66:16:0:61105240:2539402259,1040088:122:24:0:61105240:2539402259,1040234:60:4:1:2539402259:0"
1,1257346126764750,1153,2,39589,113,rst_during_handshake,"0:74:2:1:52015200:0,1153:60:20:0:0:52015201"
0,1257346132901810,1042325,19,50849,25,abortive,"0:74:2:1:2639234979:0,249:74:18:0:150913716:2639234980,397:66:16:1:2639234980:150913717,1013470:284:24:0:150913717:2639234980,1013657:66:16:1:2639234980:150913935,1013662:81:24:1:2639234980:150913935,1013915:66:16:0:150913935:2639234995,1014006:161:24:0:150913935:2639234995,1014189:95:24:1:2639234995:150914030,1015543:108:24:0:150914030:2639235024,1015712:99:24:1:2639235024:150914072,1018316:116:24:0:150914072:2639235057,1018492:71:24:1:2639235057:150914122,1018853:116:24:0:150914122:2639235062,1019080:94:24:1:2639235062:150914172,1019086:140:25:1:2639235090:150914172,1019380:66:16:0:150914172:2639235165,1042136:122:24:0:150914172:2639235165,1042325:60:4:1:2639235165:0"
1,1257346132904503,201,2,33463,113,rst_during_handshake,"0:74:2:1:149801947:0,201:60:20:0:0:149801948"
0,1257346134956617,1036077,19,51141,25,abortive,"0:74:2:1:2658930353:0,327:74:18:0:187969859:2658930354,515:66:16:1:2658930354:187969860,1010225:284:24:0:187969860:2658930354,1010409:66:16:1:2658930354:187970078,1010415:81:24:1:2658930354:187970078,1010667:66:16:0:187970078:2658930369,1010741:161:24:0:187970078:2658930369,1010926:95:24:1:2658930369:187970173,1012224:108:24:0:187970173:2658930398,1012400:98:24:1:2658930398:187970215,1014587:115:24:0:187970215:2658930430,1014759:71:24:1:2658930430:187970264,1015056:116:24:0:187970264:2658930435,1015241:93:24:1:2658930435:187970314,1015247:140:25:1:2658930462:187970314,1015514:66:16:0:187970314:2658930537,1035931:122:24:0:187970314:2658930537,1036077:60:4:1:2658930537:0"
1,1257346134959155,153,2,49466,113,rst_during_handshake,"0:74:2:1:184939845:0,153:60:20:0:0:184939846"
0,1257346139061015,1027118,19,41772,25,abortive,"0:74:2:1:2724414236:0,251:74:18:0:253751932:2724414237,401:66:16:1:2724414237:253751933,1009755:284:24:0:253751933:2724414237,1009977:66:16:1:2724414237:253752151,1009983:81:24:1:2724414237:253752151,1010778:66:16:0:253752151:2724414252,1010870:161:24:0:253752151:2724414252,1011077:95:24:1:2724414252:253752246,1014266:108:24:0:253752246:2724414281,1014495:99:24:1:2724414281:253752288,1016735:116:24:0:253752288:2724414314,1016928:71:24:1:2724414314:253752338,1017214:116:24:0:253752338:2724414319,1017399:94:24:1:2724414319:253752388,1017406:140:25:1:2724414347:253752388,1017671:66:16:0:253752388:2724414422,1026970:122:24:0:253752388:2724414422,1027118:60:4:1:2724414422:0"
1,1257346139063528,148,2,39512,113,rst_during_handshake,"0:74:2:1:254493582:0,148:60:20:0:0:254493583"
0,1257425802112063,1055146,19,36739,25,abortive,"0:74:2:1:2098842956:0,273:74:18:0:3909906172:2098842957,447:66:16:1:2098842957:3909906173,1007654:284:24:0:3909906173:2098842957,1007841:66:16:1:2098842957:3909906391,1007847:81:24:1:2098842957:3909906391,1008096:66:16:0:3909906391:2098842972,1008153:161:24:0:3909906391:2098842972,1008325:95:24:1:2098842972:3909906486,1009665:108:24:0:3909906486:2098843001,1009838:99:24:1:2098843001:3909906528,1012285:116:24:0:3909906528:2098843034,1012450:71:24:1:2098843034:3909906578,1012742:116:24:0:3909906578:2098843039,1012926:94:24:1:2098843039:3909906628,1012932:143:25:1:2098843067:3909906628,1013199:66:16:0:3909906628:2098843145,1054998:122:24:0:3909906628:2098843145,1055146:60:4:1:2098843145:0"
1,1257425802114567,152,2,43157,113,rst_during_handshake,"0:74:2:1:3904289413:0,152:60:20:0:0:3904289414"
0,1257425814470120,1053011,19,58023,25,abortive,"0:74:2:1:2290882743:0,420:74:18:0:4096360843:2290882744,725:66:16:1:2290882744:4096360844,1012770:284:24:0:4096360844:2290882744,1012980:66:16:1:2290882744:4096361062,1012986:81:24:1:2290882744:4096361062,1013256:66:16:0:4096361062:2290882759,1013312:161:24:0:4096361062:2290882759,1013495:95:24:1:2290882759:4096361157,1014757:108:24:0:4096361157:2290882788,1014930:95:24:1:2290882788:4096361199,1017519:112:24:0:4096361199:2290882817,1017688:71:24:1:2290882817:4096361245,1017994:116:24:0:4096361245:2290882822,1018194:90:24:1:2290882822:4096361295,1018200:143:25:1:2290882846:4096361295,1018592:66:16:0:4096361295:2290882924,1052830:122:24:0:4096361295:2290882924,1053011:60:4:1:2290882924:0"
1,1257425814472933,195,2,35772,113,rst_during_handshake,"0:74:2:1:4090791765:0,195:60:20:0:0:4090791766"
0,1257425821660232,1102104,19,43961,25,abortive,"0:74:2:1:2400859464:0,248:74:18:0:4216684744:2400859465,397:66:16:1:2400859465:4216684745,1012311:284:24:0:4216684745:2400859465,1012497:66:16:1:2400859465:4216684963,1012502:81:24:1:2400859465:4216684963,1012750:66:16:0:4216684963:2400859480,1012822:161:24:0:4216684963:2400859480,1012998:95:24:1:2400859480:4216685058,1014276:108:24:0:4216685058:2400859509,1014453:96:24:1:2400859509:4216685100,1025028:113:24:0:4216685100:2400859539,1025202:71:24:1:2400859539:4216685147,1025616:116:24:0:4216685147:2400859544,1025845:91:24:1:2400859544:4216685197,1025852:143:25:1:2400859569:4216685197,1026122:66:16:0:4216685197:2400859647,1101926:122:24:0:4216685197:2400859647,1102104:60:4:1:2400859647:0"
1,1257425821662739,150,2,46385,113,rst_during_handshake,"0:74:2:1:4212521141:0,150:60:20:0:0:4212521142"
0,1257425824741276,1068476,19,36094,25,abortive,"0:74:2:1:2445312216:0,249:74:18:0:4259876657:2445312217,396:66:16:1:2445312217:4259876658,1020789:284:24:0:4259876658:2445312217,1020976:66:16:1:2445312217:4259876876,1020982:81:24:1:2445312217:4259876876,1021228:66:16:0:4259876876:2445312232,1021284:161:24:0:4259876876:2445312232,1021459:95:24:1:2445312232:4259876971,1022697:108:24:0:4259876971:2445312261,1022868:99:24:1:2445312261:4259877013,1025045:116:24:0:4259877013:2445312294,1025221:71:24:1:2445312294:4259877063,1025496:116:24:0:4259877063:2445312299,1025682:94:24:1:2445312299:4259877113,1025689:143:25:1:2445312327:4259877113,1025967:66:16:0:4259877113:2445312405,1068331:122:24:0:4259877113:2445312405,1068476:60:4:1:2445312405:0"
1,1257425824743815,150,2,48694,113,rst_during_handshake,"0:74:2:1:4253132950:0,150:60:20:0:0:4253132951"
0,1257425828872141,1101765,19,35180,25,abortive,"0:74:2:1:2507725012:0,250:74:18:0:35698403:2507725013,397:66:16:1:2507725013:35698404,1010123:284:24:0:35698404:2507725013,1010308:66:16:1:2507725013:35698622,1010313:81:24:1:2507725013:35698622,1010569:66:16:0:35698622:2507725028,1010653:161:24:0:35698622:2507725028,1010827:95:24:1:2507725028:35698717,1012118:108:24:0:35698717:2507725057,1012295:97:24:1:2507725057:35698759,1014724:114:24:0:35698759:2507725088,1014872:71:24:1:2507725088:35698807,1015164:116:24:0:35698807:2507725093,1015352:92:24:1:2507725093:35698857,1015358:143:25:1:2507725119:35698857,1015628:66:16:0:35698857:2507725197,1101619:122:24:0:35698857:2507725197,1101765:60:4:1:2507725197:0"
1,1257425828874563,149,2,34494,113,rst_during_handshake,"0:74:2:1:24224576:0,149:60:20:0:0:24224577"
